# X    Y
1 0.0
11 28.948638864803605
21 29.492689502374123
31 29.684551312052417
41 29.760083103268833
51 29.813218611701497
61 29.83836111632604
71 29.84905952291306
81 29.862023965452256
91 29.88097598092273
101 29.890544172538423
111 29.9046192329214
121 29.914183460370083
131 29.92127851465019
141 29.934931704798597
151 29.938722263403186
161 29.941540642207496
171 29.947756295884645
181 29.948936782017
191 29.951338442760466
201 29.951971930152794
211 29.95338182517808
221 29.951042890551804
231 29.952336869516927
241 29.952332591182447
251 29.954891410154477
261 29.954764257706415
271 29.95681602823031
281 29.957539507388677
291 29.95876804393403
301 29.959441175212817
311 29.960868605697346
321 29.963003769126548
331 29.963036545876182
341 29.96102883110712
351 29.96444651749337
361 29.963617349062552
371 29.9649277769499
381 29.965564588915022
391 29.96665236295322
401 29.96791671784459
411 29.965924271497986
421 29.963544396405517
431 29.964857948890405
441 29.96425780970112
451 29.96593735190617
461 29.9651681209712
471 29.966429583977575
481 29.969104890374823
491 29.970712894156563
501 29.96903901064399
511 29.970047965483396
521 29.967844839989038
531 29.966544989327975
541 29.96781479290358
551 29.96915554325336
561 29.969392198694095
571 29.969391039981872
581 29.97247970742212
591 29.971608529639035
601 29.972312362950902
611 29.972339244324555
621 29.971708703802417
631 29.972776651140787
641 29.974322609665744
651 29.974808231241365
661 29.975840832033906
671 29.976022427751783
681 29.975951624020865
691 29.976739440212945
701 29.977641606832893
711 29.978582135830038
721 29.978853395494177
731 29.978559244451095
741 29.978004499351112
751 29.97896729472535
761 29.979142312107307
771 29.97967609344024
781 29.980148168474855
791 29.97973752303429
801 29.979643461830456
811 29.97968246625371
821 29.979206573174125
831 29.978442910044464
841 29.978534340306947
851 29.97833362808156
861 29.977562365835322
871 29.977577472604917
881 29.977922139641596
891 29.9790938113941
901 29.979916940854316
911 29.978997567429445
921 29.980174435204862
931 29.979496186730312
941 29.97957412394356
951 29.980633096515998
961 29.98155591998961
971 29.98162925451452
981 29.982369117010762
991 29.982904863734916
