# X    Y
1 0.33360871623497323
11 1.3289943093961951
21 1.8521592763147252
31 2.2595392929501807
41 2.604663626613176
51 2.9080833937748958
61 3.1827404219953666
71 3.4344558720335434
81 3.6709588716262145
91 3.889775447321078
101 4.099186344799356
111 4.299289527875519
121 4.488720709052414
131 4.67184504895298
141 4.846496894351087
151 5.0150434785124585
161 5.178563123361934
171 5.337236275628799
181 5.491294355956983
191 5.639645950745875
201 5.785105365218901
211 5.928201793013409
221 6.067135257631854
231 6.203261107550551
241 6.335453850188275
251 6.465410634177879
261 6.5918765197076485
271 6.718177381192453
281 6.8403942924461765
291 6.95968604992853
301 7.078483476773246
311 7.194902588462367
321 7.309852659459037
331 7.424301571281584
341 7.534731192763907
351 7.643684453899092
361 7.751213430326595
371 7.858474011408801
381 7.964169885448327
391 8.068119547405153
401 8.170875877155494
411 8.271710139066808
421 8.370971738241916
431 8.47081422849392
441 8.56836355179051
451 8.66554993236552
461 8.760630633060737
471 8.856012888445994
481 8.950551857913526
491 9.042073064566
501 9.13291241968712
511 9.22341070752592
521 9.313511193903231
531 9.401672687610885
541 9.48974686796295
551 9.577562136602412
561 9.663993207898535
571 9.749668828963976
581 9.83575684710104
591 9.91995719605034
601 10.003376225561183
611 10.086079820033726
621 10.168578361383197
631 10.25016025953578
641 10.331589056397755
651 10.41213603648186
661 10.492214917952163
671 10.571252184124539
681 10.650361513990429
691 10.728607079284991
701 10.807104690015423
711 10.884155276343266
721 10.960788969839982
731 11.037374302897685
741 11.112642085560113
751 11.186434215887928
761 11.260995640856114
771 11.334561756361287
781 11.407627469682051
791 11.480892927750649
801 11.553090560731777
811 11.625467157233992
821 11.69635820540905
831 11.767842362905617
841 11.838624049895362
851 11.909702991719605
861 11.97995848312032
871 12.04887901621596
881 12.117518939485919
891 12.186552402139618
901 12.254084486619611
911 12.321303395936463
921 12.388840685300185
931 12.456354943190853
941 12.522499697941065
951 12.588360174853998
961 12.654338472883685
971 12.720316816815826
981 12.784776646128588
991 12.849735758359929
