# X    Y
1 0.4976888002485309
11 1.9003769112371214
21 2.6348348408930238
31 3.205220407450518
41 3.6890614634943266
51 4.114554237196388
61 4.50135454193857
71 4.858829161849112
81 5.191001143487447
91 5.502377167281463
101 5.797078208546119
111 6.076873856851478
121 6.344798256491384
131 6.6026779087016445
141 6.850385970622647
151 7.08987022568713
161 7.321554183139994
171 7.545552669075654
181 7.763652835116629
191 7.974635226499055
201 8.181481562469045
211 8.382592046541745
221 8.579594713044644
231 8.772601006062775
241 8.961273824715075
251 9.14616521224776
261 9.326662897969209
271 9.503779976796501
281 9.677818821413986
291 9.84834817898968
301 10.016480548726834
311 10.181476974274606
321 10.34349915288676
331 10.503856644011146
341 10.66190421091394
351 10.816690591727014
361 10.970077495698781
371 11.120750602093329
381 11.269827991857099
391 11.416557222974308
401 11.562041016288665
411 11.705540370676626
421 11.84807086537138
431 11.988231932374454
441 12.12644021430233
451 12.262621227632811
461 12.398282176674842
471 12.532012394588184
481 12.663599142580752
491 12.794452769492288
501 12.924308252904549
511 13.05245317562909
521 13.180568624519353
531 13.307121689608111
541 13.431340761488874
551 13.554734750821625
561 13.67739033895626
571 13.799057919074674
581 13.918631636927346
591 14.038496353300177
601 14.156820954751653
611 14.273963704110956
621 14.390289530837457
631 14.50558077824819
641 14.619622810104905
651 14.733019222580598
661 14.845681618766408
671 14.958266575079193
681 15.069666285122503
691 15.178926980209315
701 15.287917167036616
711 15.396214174276313
721 15.50384358245052
731 15.610926456213207
741 15.717418223405568
751 15.822731531273114
761 15.927643921577948
771 16.032204966906573
781 16.13521524886435
791 16.238386107771337
801 16.34107586391523
811 16.44293710877792
821 16.54407886442054
831 16.6444281563463
841 16.744138797936
851 16.843548353273086
861 16.943071834189176
871 17.041059701099627
881 17.138034387126712
891 17.23456712157707
901 17.33084111987717
911 17.427009083882496
921 17.52205974966677
931 17.61739464657575
941 17.712012856988366
951 17.805558857774255
961 17.898584863287923
971 17.991902758603498
981 18.083854500807192
991 18.17574975163066
